30
101000101000101011101010110110
010101010111101010100101010101
010101010010101110101010100011
001010101101001010100101010101
010101010101010101010101010100
010101011010010100101001010100
101011101010010101000101110101
010101110110111100001010010101
010101111010100001010101010101
010101010101001010100101010111
010101101010100101001011010101
010101010100101010101010101010
010101101010101010010101001011
010100100101110101010101010010
101000101000101011101010110110
010101010111101010100101010101
010101010010101110101010100011
001010101101001010100101010101
010101010101010101010101010100
010101011010010100101001010100
101011101010010101000101110101
010101110110111100001010010101
010101111010100001010101010101
010101010101001010100101010111
010101101010100101001011010101
010101010100101010101010101010
010101101010101010010101001011
010100100101110101010101010010
010100101001010100110100101001
101010011101010100010100101001
